camera_matrix:
- [3351.7984664388405, 0.0, 2045.8262851589998]
- [0.0, 3630.994534598594, 1842.0745850085962]
- [0.0, 0.0, 1.0]
dist_coefs:
- [0.16296077130904255, -0.5528780702414701, 0.008822953357502775, 0.010322746534571266,
  10.40616612129294]
rms: 0.6937497897411431
