camera_matrix:
- [1822.7410517557776, 0.0, 1380.9286407307004]
- [0.0, 1823.2135457248423, 1107.4325084607897]
- [0.0, 0.0, 1.0]
dist_coefs:
- [-0.3995256101289808, 0.1860076410786205, -0.01028873144026083, -0.003397377103708964,
  -0.0476809580344696]
rms: 1.2441798151702186
